1
10013
1003
10046
10062
10079
10095
10110
10127
10143
1016
10176
10192
10208
10224
10240
10257
10273
1029
10305
10321
10338
10354
10370
10387
10402
10419
10435
10451
10468
10484
1050
10516
10532
10549
10565
10581
10598
10613
1063
10646
10662
10679
10695
10710
10727
10743
1076
10776
10792
10808
10824
10840
10857
10873
1089
10905
10921
10938
10954
10970
10987
11001
11018
11034
11050
11067
11083
111
11115
11131
11148
11164
11180
11197
11212
11229
11245
11261
11278
11294
1131
11326
11342
11359
11375
11391
11407
11423
1144
11456
11472
11489
11504
11520
11537
11553
1157
11586
11601
11618
11634
11650
11667
11683
117
11715
11731
11748
11764
11780
11797
11812
11829
11845
11861
11878
11894
1191
11926
11942
11959
11975
11991
12006
12022
12039
12055
12071
12088
12103
1212
12136
12152
12169
12185
12200
12217
12233
1225
12266
12282
12299
12314
12330
12347
12363
1238
12396
12411
12428
12444
12460
12477
12493
12509
12525
12541
12558
12574
12590
12606
12622
12639
12655
12671
12688
12703
1272
12736
12752
12769
12785
12800
12817
12833
1285
12866
12882
12899
12914
12930
12947
12963
1298
12996
13010
13027
13043
1306
13076
13092
13108
13124
13140
13157
13173
1319
13205
13221
13238
13254
13270
13287
13302
13319
13335
13351
13368
13384
1340
13416
13432
13449
13465
13481
13498
13513
1353
13546
13562
13579
13595
13610
13627
13643
1366
13676
13692
13708
13724
13740
13757
13773
1379
13805
13821
13838
13854
13870
13887
13902
13919
13935
13951
13968
13984
140
14015
14031
14048
14064
14080
14097
14112
14129
14145
14161
14178
14194
1421
14226
14242
14259
14275
14291
14307
14323
1434
14356
14372
14389
14404
14420
14437
14453
1447
14486
14501
14518
14534
14550
14567
14583
146
14615
14631
14648
14664
14680
14697
14712
14729
14745
14761
14778
14794
1481
14826
14842
14859
14875
14891
14907
14923
1494
14956
14972
14989
15003
1502
15036
15052
15069
15085
15100
15117
15133
1515
15166
15182
15199
15214
15230
15247
15263
1528
15296
15311
15328
15344
15360
15377
15393
15409
15425
15441
15458
15474
15490
15506
15522
15539
15555
15571
15588
15603
1562
15636
15652
15669
15685
15700
15717
15733
1575
15766
15782
15799
15814
15830
15847
15863
1588
15896
15911
15928
15944
15960
15977
15993
16008
16024
16040
16057
16073
1609
16105
16121
16138
16154
16170
16187
16202
16219
16235
16251
16268
16284
1630
16316
16332
16349
16365
16381
16398
16413
1643
16446
16462
16479
16495
16510
16527
16543
1656
16576
16592
16608
16624
16640
16657
16673
1669
16705
16721
16738
16754
16770
16787
16802
16819
16835
16851
16868
16884
1690
16916
16932
16949
16965
16981
16998
17012
17029
17045
17061
17078
17094
1711
17126
17142
17159
17175
17191
17207
17223
1724
17256
17272
17289
17304
17320
17337
17353
1737
17386
17401
17418
17434
17450
17467
17483
175
17515
17531
17548
17564
17580
17597
17612
17629
17645
17661
17678
17694
1771
17726
17742
17759
17775
17791
17807
17823
1784
17856
17872
17889
17904
17920
17937
17953
1797
17986
18000
18017
18033
1805
18066
18082
18099
18114
18130
18147
18163
1818
18196
18211
18228
18244
18260
18277
18293
18309
18325
18341
18358
18374
18390
18406
18422
18439
18455
18471
18488
18503
1852
18536
18552
18569
18585
18600
18617
18633
1865
18666
18682
18699
18714
18730
18747
18763
1878
18796
18811
18828
18844
18860
18877
18893
18909
18925
18941
18958
18974
18990
19005
19021
19038
19054
19070
19087
19102
19119
19135
19151
19168
19184
1920
19216
19232
19249
19265
19281
19298
19313
1933
19346
19362
19379
19395
19410
19427
19443
1946
19476
19492
19508
19524
19540
19557
19573
1959
19605
19621
19638
19654
19670
19687
19702
19719
19735
19751
19768
19784
1980
19816
19832
19849
19865
19881
19898
19913
1993
19946
19962
19979
19995
20009
20025
20041
20058
20074
20090
20106
20122
20139
20155
20171
20188
20203
2022
20236
20252
20269
20285
20300
20317
20333
2035
20366
20382
20399
20414
20430
20447
20463
2048
20496
20511
20528
20544
20560
20577
20593
20609
20625
20641
20658
20674
20690
20706
20722
20739
20755
20771
20788
20803
2082
20836
20852
20869
20885
20900
20917
20933
2095
20966
20982
20999
21013
2103
21046
21062
21079
21095
21110
21127
21143
2116
21176
21192
21208
21224
21240
21257
21273
2129
21305
21321
21338
21354
21370
21387
21402
21419
21435
21451
21468
21484
2150
21516
21532
21549
21565
21581
21598
21613
2163
21646
21662
21679
21695
21710
21727
21743
2176
21776
21792
21808
21824
21840
21857
21873
2189
21905
21921
21938
21954
21970
21987
22001
22018
22034
22050
22067
22083
221
22115
22131
22148
22164
22180
22197
22212
22229
22245
22261
22278
22294
2231
22326
22342
22359
22375
22391
22407
22423
2244
22456
22472
22489
22504
22520
22537
22553
2257
22586
22601
22618
22634
22650
22667
22683
227
22715
22731
22748
22764
22780
22797
22812
22829
22845
22861
22878
22894
2291
22926
22942
22959
22975
22991
23006
23022
23039
23055
23071
23088
23103
2312
23136
23152
23169
23185
23200
23217
23233
2325
23266
23282
23299
23314
23330
23347
23363
2338
23396
23411
23428
23444
23460
23477
23493
23509
23525
23541
23558
23574
23590
23606
23622
23639
23655
23671
23688
23703
2372
23736
23752
23769
23785
23800
23817
23833
2385
23866
23882
23899
23914
23930
23947
23963
2398
23996
24010
24027
24043
2406
24076
24092
24108
24124
24140
24157
24173
2419
24205
24221
24238
24254
24270
24287
24302
24319
24335
24351
24368
24384
2440
24416
24432
24449
24465
24481
24498
24513
2453
24546
24562
24579
24595
24610
24627
24643
2466
24676
24692
24708
24724
24740
24757
24773
2479
24805
24821
24838
24854
24870
24887
24902
24919
24935
24951
24968
24984
250
25015
25031
25048
25064
25080
25097
25112
25129
25145
25161
25178
25194
2521
25226
25242
25259
25275
25291
25307
25323
2534
25356
25372
25389
25404
25420
25437
25453
2547
25486
25501
25518
25534
25550
25567
25583
256
25615
25631
25648
25664
25680
25697
25712
25729
25745
25761
25778
25794
2581
25826
25842
25859
25875
25891
25907
25923
2594
25956
25972
25989
26003
2602
26036
26052
26069
26085
26100
26117
26133
2615
26166
26182
26199
26214
26230
26247
26263
2628
26296
26311
26328
26344
26360
26377
26393
26409
26425
26441
26458
26474
26490
26506
26522
26539
26555
26571
26588
26603
2662
26636
26652
26669
26685
26700
26717
26733
2675
26766
26782
26799
26814
26830
26847
26863
2688
26896
26911
26928
26944
26960
26977
26993
27008
27024
27040
27057
27073
2709
27105
27121
27138
27154
27170
27187
27202
27219
27235
27251
27268
27284
2730
27316
27332
27349
27365
27381
27398
27413
2743
27446
27462
27479
27495
27510
27527
27543
2756
27576
27592
27608
27624
27640
27657
27673
2769
27705
27721
27738
27754
27770
27787
27802
27819
27835
27851
27868
27884
2790
27916
27932
27949
27965
27981
27998
28012
28029
28045
28061
28078
28094
2811
28126
28142
28159
28175
28191
28207
28223
2824
28256
28272
28289
28304
28320
28337
28353
2837
28386
28401
28418
28434
28450
28467
28483
285
28515
28531
28548
28564
28580
28597
28612
28629
28645
28661
28678
28694
2871
28726
28742
28759
28775
28791
28807
28823
2884
28856
28872
28889
28904
28920
28937
28953
2897
28986
29000
29017
29033
2905
29066
29082
29099
29114
29130
29147
29163
2918
29196
29211
29228
29244
29260
29277
29293
29309
29325
29341
29358
29374
29390
29406
29422
29439
29455
29471
29488
29503
2952
29536
29552
29569
29585
29600
29617
29633
2965
29666
29682
29699
29714
29730
29747
29763
2978
29796
29811
29828
29844
29860
29877
29893
29909
29925
29941
29958
29974
29990
30004
30020
30037
30053
3007
30086
30101
30118
30134
30150
30167
30183
302
30215
30231
30248
30264
30280
30297
30312
30329
30345
30361
30378
30394
3041
30426
30442
30459
30475
30491
30507
30523
3054
30556
30572
30589
30604
30620
30637
30653
3067
30686
30701
30718
30734
30750
30767
30783
308
30815
30831
30848
30864
30880
30897
30912
30929
30945
30961
30978
30994
31009
31025
31041
31058
31074
31090
31106
31122
31139
31155
31171
31188
31203
3122
31236
31252
31269
31285
31300
31317
31333
3135
31366
31382
31399
31414
31430
31447
31463
3148
31496
31511
31528
31544
31560
31577
31593
31609
31625
31641
31658
31674
31690
31706
31722
31739
31755
31771
31788
31803
3182
31836
31852
31869
31885
31900
31917
31933
3195
31966
31982
31999
32013
3203
32046
32062
32079
32095
32110
32127
32143
3216
32176
32192
32208
32224
32240
32257
32273
3229
32305
32321
32338
32354
32370
32387
32402
32419
32435
32451
32468
32484
3250
32516
32532
32549
32565
32581
32598
32613
3263
32646
32662
32679
32695
32710
32727
32743
3276
32776
32792
32808
32824
32840
32857
32873
3289
32905
32921
32938
32954
32970
32987
33001
33018
33034
33050
33067
33083
331
33115
33131
33148
33164
33180
33197
33212
33229
33245
33261
33278
33294
3331
33326
33342
33359
33375
33391
33407
33423
3344
33456
33472
33489
33504
33520
33537
33553
3357
33586
33601
33618
33634
33650
33667
33683
337
33715
33731
33748
33764
33780
33797
33812
33829
33845
33861
33878
33894
3391
33926
33942
33959
33975
33991
34006
34022
34039
34055
34071
34088
34103
3412
34136
34152
34169
34185
34200
34217
34233
3425
34266
34282
34299
34314
34330
34347
34363
3438
34396
34411
34428
34444
34460
34477
34493
34509
34525
34541
34558
34574
34590
34606
34622
34639
34655
34671
34688
34703
3472
34736
34752
34769
34785
34800
34817
34833
3485
34866
34882
34899
34914
34930
34947
34963
3498
34996
35010
35027
35043
3506
35076
35092
35108
35124
35140
35157
35173
3519
35205
35221
35238
35254
35270
35287
35302
35319
35335
35351
35368
35384
3540
35416
35432
35449
35465
35481
35498
35513
3553
35546
35562
35579
35595
35610
35627
35643
3566
35676
35692
35708
35724
35740
35757
35773
3579
35805
35821
35838
35854
35870
35887
35902
35919
35935
35951
35968
35984
360
36015
36031
36048
36064
36080
36097
36112
36129
36145
36161
36178
36194
3621
36226
36242
36259
36275
36291
36307
36323
3634
36356
36372
36389
36404
36420
36437
36453
3647
36486
36501
36518
36534
36550
36567
36583
366
3673
369
3705
3721
3738
3754
3770
3787
3802
3819
3835
3851
3868
3884
390
3916
3932
3949
3965
3981
3998
4012
4029
4045
4061
4078
4094
411
4126
4142
4159
4175
4191
4207
4223
424
4256
4272
4289
4304
4320
4337
4353
437
4386
4401
4418
4434
4450
4467
4483
45
4515
4531
4548
4564
4580
4597
4612
4629
4645
4661
4678
4694
471
4726
4742
4759
4775
4791
4807
4823
484
4856
4872
4889
4904
4920
4937
4953
497
4986
5000
5017
5033
505
5066
5082
5099
5114
5130
5147
5163
518
5196
5211
5228
5244
5260
5277
5293
5309
5325
5341
5358
5374
5390
5406
5422
5439
5455
5471
5488
5503
552
5536
5552
5569
5585
5600
5617
5633
565
5666
5682
5699
5714
5730
5747
5763
578
5796
5811
5828
5844
5860
5877
5893
5909
5925
5941
5958
5974
5990
6005
6021
6038
6054
6070
6087
6102
6119
6135
6151
6168
6184
620
6216
6232
6249
6265
6281
6298
6313
633
6346
6362
6379
6395
6410
6427
6443
646
6476
6492
6508
6524
6540
6557
6573
659
6605
6621
6638
6654
6670
6687
6702
6719
6735
6751
6768
6784
680
6816
6832
6849
6865
6881
6898
6913
693
6946
6962
6979
6995
701
7026
7042
7059
7075
7091
7107
7123
714
7156
7172
7189
7204
7220
7237
7253
727
7286
7301
7318
7334
7350
7367
7383
74
7415
7431
7448
7464
7480
7497
7512
7529
7545
7561
7578
7594
761
7626
7642
7659
7675
7691
7707
7723
774
7756
7772
7789
7804
7820
7837
7853
787
7886
7901
7918
7934
7950
7967
7983
8
8014
8030
8047
8063
808
8096
8111
8128
8144
8160
8177
8193
8209
8225
8241
8258
8274
8290
8306
8322
8339
8355
8371
8388
8403
842
8436
8452
8469
8485
8500
8517
8533
855
8566
8582
8599
8614
8630
8647
8663
868
8696
8711
8728
8744
8760
8777
8793
8809
8825
8841
8858
8874
8890
8906
8922
8939
8955
8971
8988
9002
9019
9035
9051
9068
9084
910
9116
9132
9149
9165
9181
9198
9213
923
9246
9262
9279
9295
9310
9327
9343
936
9376
9392
9408
9424
9440
